# Made in Blockbench 4.3.1
mtllib caravan_target_bottom.mtl

o side_beam_d
v 0.5469420714961141 0.805769052838329 0.5414462761522043
v 0.6234886259580884 0.868269052838329 0.46489972169023003
v 0.9225925490014674 -0.11438293868263713 0.16579579864685107
v 0.9991391034634417 -0.05188293868263716 0.08924924418487673
v 0.5351002783097699 0.868269052838329 0.3765113740419116
v 0.4585537238477956 0.805769052838329 0.45305792850388593
v 0.9107507558151233 -0.05188293868263716 0.0008608965365582977
v 0.834204201353149 -0.11438293868263713 0.07740745099853263
vt 0.125 1
vt 0.25 1
vt 0.25 0
vt 0.125 0
vt 0 1
vt 0.125 1
vt 0.125 0
vt 0 0
vt 0.375 1
vt 0.5 1
vt 0.5 0
vt 0.375 0
vt 0.25 1
vt 0.375 1
vt 0.375 0
vt 0.25 0
vt 0.5 1
vt 0.625 1
vt 0.625 0.875
vt 0.5 0.875
vt 0.5 0.875
vt 0.625 0.875
vt 0.625 0.75
vt 0.5 0.75
vn 0.6123724356957946 0.49999999999999994 -0.6123724356957946
vn 0.7071067811865475 2.7755575615628914e-17 0.7071067811865476
vn -0.6123724356957946 -0.49999999999999994 0.6123724356957946
vn -0.7071067811865475 -2.7755575615628914e-17 -0.7071067811865476
vn -0.35355339059327373 0.8660254037844388 0.35355339059327373
vn 0.35355339059327373 -0.8660254037844388 -0.35355339059327373
usemtl m_1
f 4/4/1 7/3/1 5/2/1 2/1/1
f 3/8/2 4/7/2 2/6/2 1/5/2
f 8/12/3 3/11/3 1/10/3 6/9/3
f 7/16/4 8/15/4 6/14/4 5/13/4
f 6/20/5 1/19/5 2/18/5 5/17/5
f 7/24/6 4/23/6 3/22/6 8/21/6
o mid_beam_bottom
v 0.5625 1 0.5625
v 0.5625 1 0.4375
v 0.5625 0 0.5625
v 0.5625 0 0.4375
v 0.4375 1 0.4375
v 0.4375 1 0.5625
v 0.4375 0 0.4375
v 0.4375 0 0.5625
vt 0.4375 1
vt 0.5625 1
vt 0.5625 0
vt 0.4375 0
vt 0.4375 1
vt 0.5625 1
vt 0.5625 0
vt 0.4375 0
vt 0.4375 1
vt 0.5625 1
vt 0.5625 0
vt 0.4375 0
vt 0.4375 1
vt 0.5625 1
vt 0.5625 0
vt 0.4375 0
vt 0.4375 0.5625
vt 0.5625 0.5625
vt 0.5625 0.4375
vt 0.4375 0.4375
vt 0.4375 0.5625
vt 0.5625 0.5625
vt 0.5625 0.4375
vt 0.4375 0.4375
vn 0 0 -1
vn 1 0 0
vn 0 0 1
vn -1 0 0
vn 0 1 0
vn 0 -1 0
usemtl m_1
f 12/28/7 15/27/7 13/26/7 10/25/7
f 11/32/8 12/31/8 10/30/8 9/29/8
f 16/36/9 11/35/9 9/34/9 14/33/9
f 15/40/10 16/39/10 14/38/10 13/37/10
f 14/44/11 9/43/11 10/42/11 13/41/11
f 15/48/12 12/47/12 11/46/12 16/45/12
o side_beam_a
v 0.5414462761522044 0.805769052838329 0.45305792850388593
v 0.4648997216902301 0.868269052838329 0.3765113740419116
v 0.16579579864685107 -0.11438293868263713 0.07740745099853263
v 0.08924924418487673 -0.05188293868263716 0.0008608965365582977
v 0.3765113740419116 0.868269052838329 0.46489972169023003
v 0.45305792850388593 0.805769052838329 0.5414462761522043
v 0.0008608965365582977 -0.05188293868263716 0.08924924418487673
v 0.07740745099853263 -0.11438293868263713 0.16579579864685107
vt 0.25 1
vt 0.375 1
vt 0.375 0
vt 0.25 0
vt 0.125 1
vt 0.25 1
vt 0.25 0
vt 0.125 0
vt 0.5 1
vt 0.625 1
vt 0.625 0
vt 0.5 0
vt 0.375 1
vt 0.5 1
vt 0.5 0
vt 0.375 0
vt 0.625 1
vt 0.75 1
vt 0.75 0.875
vt 0.625 0.875
vt 0.625 0.875
vt 0.75 0.875
vt 0.75 0.75
vt 0.625 0.75
vn -0.6123724356957946 0.49999999999999994 -0.6123724356957946
vn 0.7071067811865475 -2.7755575615628914e-17 -0.7071067811865476
vn 0.6123724356957946 -0.49999999999999994 0.6123724356957946
vn -0.7071067811865475 2.7755575615628914e-17 0.7071067811865476
vn 0.35355339059327373 0.8660254037844388 0.35355339059327373
vn -0.35355339059327373 -0.8660254037844388 -0.35355339059327373
usemtl m_1
f 20/52/13 23/51/13 21/50/13 18/49/13
f 19/56/14 20/55/14 18/54/14 17/53/14
f 24/60/15 19/59/15 17/58/15 22/57/15
f 23/64/16 24/63/16 22/62/16 21/61/16
f 22/68/17 17/67/17 18/66/17 21/65/17
f 23/72/18 20/71/18 19/70/18 24/69/18
o side_beam_b
v 0.45305792850388593 0.805769052838329 0.4585537238477957
v 0.3765113740419116 0.868269052838329 0.53510027830977
v 0.07740745099853252 -0.11438293868263713 0.834204201353149
v 0.0008608965365581867 -0.05188293868263716 0.9107507558151233
v 0.4648997216902301 0.868269052838329 0.6234886259580885
v 0.5414462761522044 0.805769052838329 0.5469420714961142
v 0.08924924418487667 -0.05188293868263716 0.9991391034634418
v 0.165795798646851 -0.11438293868263713 0.9225925490014675
vt 0.375 1
vt 0.5 1
vt 0.5 0
vt 0.375 0
vt 0.25 1
vt 0.375 1
vt 0.375 0
vt 0.25 0
vt 0.625 1
vt 0.75 1
vt 0.75 0
vt 0.625 0
vt 0.5 1
vt 0.625 1
vt 0.625 0
vt 0.5 0
vt 0.75 1
vt 0.875 1
vt 0.875 0.875
vt 0.75 0.875
vt 0.75 0.875
vt 0.875 0.875
vt 0.875 0.75
vt 0.75 0.75
vn -0.6123724356957946 0.4999999999999999 0.6123724356957946
vn -0.7071067811865475 5.5511151231257815e-17 -0.7071067811865475
vn 0.6123724356957946 -0.4999999999999999 -0.6123724356957946
vn 0.7071067811865475 -5.5511151231257815e-17 0.7071067811865475
vn 0.35355339059327373 0.8660254037844389 -0.3535533905932736
vn -0.35355339059327373 -0.8660254037844389 0.3535533905932736
usemtl m_1
f 28/76/19 31/75/19 29/74/19 26/73/19
f 27/80/20 28/79/20 26/78/20 25/77/20
f 32/84/21 27/83/21 25/82/21 30/81/21
f 31/88/22 32/87/22 30/86/22 29/85/22
f 30/92/23 25/91/23 26/90/23 29/89/23
f 31/96/24 28/95/24 27/94/24 32/93/24
o side_beam_c
v 0.4585537238477956 0.805769052838329 0.5469420714961142
v 0.5351002783097699 0.868269052838329 0.6234886259580885
v 0.834204201353149 -0.11438293868263713 0.9225925490014675
v 0.9107507558151233 -0.05188293868263716 0.9991391034634418
v 0.6234886259580884 0.868269052838329 0.53510027830977
v 0.5469420714961141 0.805769052838329 0.4585537238477957
v 0.9991391034634418 -0.05188293868263716 0.9107507558151233
v 0.9225925490014675 -0.11438293868263713 0.834204201353149
vt 0.5 1
vt 0.625 1
vt 0.625 0
vt 0.5 0
vt 0.375 1
vt 0.5 1
vt 0.5 0
vt 0.375 0
vt 0.75 1
vt 0.875 1
vt 0.875 0
vt 0.75 0
vt 0.625 1
vt 0.75 1
vt 0.75 0
vt 0.625 0
vt 0.875 1
vt 1 1
vt 1 0.875
vt 0.875 0.875
vt 0.875 0.875
vt 1 0.875
vt 1 0.75
vt 0.875 0.75
vn 0.6123724356957946 0.4999999999999999 0.6123724356957946
vn -0.7071067811865475 -5.5511151231257815e-17 0.7071067811865475
vn -0.6123724356957946 -0.4999999999999999 -0.6123724356957946
vn 0.7071067811865475 5.5511151231257815e-17 -0.7071067811865475
vn -0.35355339059327373 0.8660254037844389 -0.3535533905932736
vn 0.35355339059327373 -0.8660254037844389 0.3535533905932736
usemtl m_1
f 36/100/25 39/99/25 37/98/25 34/97/25
f 35/104/26 36/103/26 34/102/26 33/101/26
f 40/108/27 35/107/27 33/106/27 38/105/27
f 39/112/28 40/111/28 38/110/28 37/109/28
f 38/116/29 33/115/29 34/114/29 37/113/29
f 39/120/30 36/119/30 35/118/30 40/117/30